chr1:200000001-300000000	200000001	97.2419929504395
chr1:100000001-200000000	100000001	250.960537910461
chr1:1-100000000	1	398.907600879669
parallelTime	0	399.445853710175
progTime	0	400.740471124649
