chr1:200000001-300000000	200000001	114.35692691803
chr1:100000001-200000000	100000001	291.391420602798
chr1:1-100000000	1	444.736819028854
parallelTime	0	445.469595909119
progTime	0	446.044405937195
