chr1:200000001-300000000	200000001	102.299604177475
chr1:100000001-200000000	100000001	260.433548212051
chr1:1-100000000	1	425.222400188446
parallelTime	0	425.459974050522
progTime	0	425.896268844604
