chr1:100000001-200000000	100000001	257.426673173904
chr1:200000001-300000000	200000001	99.6713860034943
chr1:1-100000000	1	448.239653587341
parallelTime	0	448.45721411705
progTime	0	448.994868755341
