chr1:200000001-300000000	200000001	204.081352472305
chr1:100000001-200000000	100000001	567.301782608032
chr1:1-100000000	1	889.318935632706
parallelTime	0	889.566195487976
progTime	0	890.302862882614
