chr1:200000001-300000000	200000001	178.395859479904
chr1:100000001-200000000	100000001	499.348405599594
chr1:1-100000000	1	724.76363492012
parallelTime	0	724.792061805725
progTime	0	725.524385213852
