chr1:100000001-200000000	100000001	507.334542989731
chr1:200000001-300000000	200000001	182.415805101395
chr1:1-100000000	1	774.946297168732
parallelTime	0	775.787695884705
progTime	0	781.876533269882
