chr1:1-100000000	1	769.201719760895
chr1:100000001-200000000	100000001	482.401397943497
chr1:200000001-300000000	200000001	173.098616838455
parallelTime	0	1425.72846388817
progTime	0	1428.19406032562
