chr1:200000001-300000000	200000001	166.673458099365
chr1:100000001-200000000	100000001	471.559554338455
chr1:1-100000000	1	654.181705713272
parallelTime	0	655.725162029266
progTime	0	656.504417181015
