chr1:200000001-300000000	200000001	176.090148687363
chr1:100000001-200000000	100000001	501.83375287056
chr1:1-100000000	1	732.541744709015
parallelTime	0	732.888999223709
progTime	0	735.089889526367
