chr1:1-100000000	1	508.860260725021
chr1:100000001-200000000	100000001	283.3757584095
chr1:200000001-300000000	200000001	111.736597061157
parallelTime	0	905.92153096199
progTime	0	906.384456157684
