chr1:200000001-300000000	200000001	111.866728305817
chr1:100000001-200000000	100000001	291.220010995865
chr1:1-100000000	1	438.301068305969
parallelTime	0	438.494490146637
progTime	0	438.997667789459
